06 64 06 00 00 00 00 06 09 01 2d 02 90 ff ff ff fb 05 02 90 00 00 04 00 04 02 90 ff ff ff fb 03 01 00 00 00 2a 0b 64 04 ff e6 03 04 54 03 05 03 0b 64 04 ff db 03 04 54 03 05 03 0b 64 04 ff d0
03 04 54 03 05 03 0b 64 04 ff c5 03 04 54 03 05 03 0b 64 04 ff ba 03 04 54 03 05 03 08 64 03 ff ff fe 52 0f 09 ff b5 06 64 06 00 00 00 00 06 09 ff b1 01 00 00 00 2a 0c ff 94 09 ff f8 01 00 00
00 2a 0b 64 01 01 03 09 0b 64 01 01 07 09 0b 64 01 01 0b 09 0b 64 01 01 0f 09 0b 64 01 01 13 09 0b 64 01 01 17 09 0b 64 01 01 1b 09 0b 64 01 01 1f 09 0b 64 01 01 23 09 0b 64 01 01 27 09 0b 64
01 01 2b 09 0b 64 01 01 2f 09 0b 64 01 01 33 09 0b 64 01 01 37 09 0b 64 01 01 3b 09 0b 64 01 01 3f 09 0b 64 01 01 43 09 0b 64 01 01 47 09 0b 64 01 01 4b 09 0b 64 01 01 4f 09 0b 64 01 01 53 09
0b 64 01 01 57 09 0b 64 01 01 5b 09 0b 64 01 01 5f 09 0b 64 01 01 63 09 08 64 09 00 00 00 06 0a 09 00 4d 02 90 00 00 00 06 09 06 64 06 00 00 00 00 06 09 ff 4b 0c 01 c2 01 00 00 00 2a 0b 68 01
fe e3 00 01 0c ff 2e 01 00 00 00 2a 0b 68 01 01 56 00 01 0c 01 2f 01 00 00 00 2a 02 90 00 00 00 01 09 06 64 06 00 00 00 00 06 09 ff 13 01 00 00 00 2a 0c 00 13 01 00 00 00 2a 0c ff f3 01 00 00
00 2a 09 ff eb 01 00 00 00 2a 01 00 00 00 2a 01 00 00 00 2a 01 00 00 00 2a 01 00 00 00 2a 01 00 00 00 2a 01 00 00 00 2a 01 00 00 00 2a 01 00 00 00 2a 01 00 00 00 2a 01 00 00 00 2a 01 00 00 00
2a 01 00 00 00 2a 01 00 00 00 2a 01 00 00 00 2a 01 00 00 00 2a 01 00 00 00 2a 01 00 00 00 2a 01 00 00 00 2a 01 00 00 00 2a 01 00 00 00 2a 01 00 00 00 2a 01 00 00 00 2a 01 00 00 00 2a 01 00 00
00 2a 01 00 00 00 2a 01 00 00 00 2a 01 00 00 00 2a 01 00 00 00 2a 01 00 00 00 2a 01 00 00 00 2a 01 00 00 00 2a 01 00 00 00 2a 01 00 00 00 2a 01 00 00 00 2a 01 00 00 00 2a 01 00 00 00 2a 01 00
00 00 2a 01 00 00 00 2a 01 00 00 00 2a 01 00 00 00 2a 01 00 00 00 2a 01 00 00 00 2a 01 00 00 00 2a 01 00 00 00 2a 01 00 00 00 2a 01 00 00 00 2a 01 00 00 00 2a 01 00 00 00 2a 01 00 00 00 2a 09
ff 0b 01 00 00 00 2a 0c 00 06 09 ff f8 02 90 ff ff ff fb 05 02 90 00 00 00 0c 04 02 90 00 00 00 0a 03 01 00 00 00 01 0b 64 04

01 00 00 00 06 64 06 00 00 00 00 06 09 01 2d 02 90 ff ff ff fb 05 02 90 00 00 04 00 04 02 90 ff ff ff fb 03 01 00 00 00 2a 0b 64 04 ff e6 03 04 54 03 05 03 0b 64 04 ff db 03 04 54 03 05 03 0b
64 04 ff d0 03 04 54 03 05 03 0b 64 04 ff c5 03 04 54 03 05 03 0b 64 04 ff ba 03 04 54 03 05 03 08 64 03 ff ff fe 52 0f 09 ff b5 06 64 06 00 00 00 00 06 09 ff b1 01 00 00 00 2a 0c ff 94 09 ff
f8 01 00 00 00 2a 0b 64 01 01 03 09 0b 64 01 01 07 09 0b 64 01 01 0b 09 0b 64 01 01 0f 09 0b 64 01 01 13 09 0b 64 01 01 17 09 0b 64 01 01 1b 09 0b 64 01 01 1f 09 0b 64 01 01 23 09 0b 64 01 01
27 09 0b 64 01 01 2b 09 0b 64 01 01 2f 09 0b 64 01 01 33 09 0b 64 01 01 37 09 0b 64 01 01 3b 09 0b 64 01 01 3f 09 0b 64 01 01 43 09 0b 64 01 01 47 09 0b 64 01 01 4b 09 0b 64 01 01 4f 09 0b 64
01 01 53 09 0b 64 01 01 57 09 0b 64 01 01 5b 09 0b 64 01 01 5f 09 0b 64 01 01 63 09 08 64 09 00 00 00 06 0a 09 00 4d 02 90 00 00 00 06 09 06 64 06 00 00 00 00 06 09 ff 4b 0c 01 c2 01 00 00 00
2a 0b 68 01 fe e3 00 01 0c ff 2e 01 00 00 00 2a 0b 68 01 01 56 00 01 0c 01 2f 01 00 00 00 2a 02 90 00 00 00 01 09 06 64 06 00 00 00 00 06 09 ff 13 01 00 00 00 2a 0c 00 13 01 00 00 00 2a 0c ff
f3 01 00 00 00 2a 09 ff eb 01 00 00 00 2a 01 00 00 00 2a 01 00 00 00 2a 01 00 00 00 2a 01 00 00 00 2a 01 00 00 00 2a 01 00 00 00 2a 01 00 00 00 2a 01 00 00 00 2a 01 00 00 00 2a 01 00 00 00 2a
01 00 00 00 2a 01 00 00 00 2a 01 00 00 00 2a 01 00 00 00 2a 01 00 00 00 2a 01 00 00 00 2a 01 00 00 00 2a 01 00 00 00 2a 01 00 00 00 2a 01 00 00 00 2a 01 00 00 00 2a 01 00 00 00 2a 01 00 00 00
2a 01 00 00 00 2a 01 00 00 00 2a 01 00 00 00 2a 01 00 00 00 2a 01 00 00 00 2a 01 00 00 00 2a 01 00 00 00 2a 01 00 00 00 2a 01 00 00 00 2a 01 00 00 00 2a 01 00 00 00 2a 01 00 00 00 2a 01 00 00
00 2a 01 00 00 00 2a 01 00 00 00 2a 01 00 00 00 2a 01 00 00 00 2a 01 00 00 00 2a 01 00 00 00 2a 01 00 00 00 2a 01 00 00 00 2a 01 00 00 00 2a 01 00 00 00 2a 01 00 00 00 2a 01 00 00 00 2a 01 00
00 00 2a 09 ff 0b 01 00 00 00 2a 0c 00 06 09 ff f8 02 90 ff ff ff fb 05 02 90 00 00 00 0c 04 02 90 00 00 00 0a 03 01 00 00 00 01 0b 64 04 00 4d 03 05 54 03 05 03 0b 64 04 00 42 03 05 54 03 05
03 0b 64 04 00 37 03 05 54 03 05 03 0b 64 04 00 2c 03 05 54 03 05 03 0b 64 04 00 21 03 05 54 03 05 03 08 64 03 00 00 01 b3 0f 09 ff b5 06 64 06 00 00 00 00 06 09 ff b1 09 ff ae 01 00 00 00 2a
0c 00 2c 01 00 00 00 2a 0c 00 4d 01 00 00 00 2a 0c 00 8c 02 90 00 00 00 0c 02 02 90 00 00 00 c0 05 06 64 06 00 00 00 00 06 09 00 be 01 00 00 00 2a 0c 00 4a 01 00 00 00 2a 0c 00 95 02 90 00 00
00 00 02 02 90 00 00 00 b4 05 06 64 06 00 00 00 00 06 09 00 95 01 00 00 00 2a 0c 00 5b 01 00 00 00 2a 02 90 00 00 00 08 02 02 90 00 00 00 bc 05 06 64 06 00 00 00 00 06 09 00 6f 01 00 00 00 2a
0c fe 09 02 90 00 00 00 04 02 02 90 00 00 00 b8 05 06 64 06 00 00 00 00 06 09 00 4e 02 90 00 00 00 10 02 02 90 00 00 00 c4 05 06 64 06 00 00 00 00 06 09 00 35 02 90 00 00 00 14 02 02 90 00 00
00 c8 05 06 64 06 00 00 00 00 06 09 00 1c 02 90 00 00 00 18 02 02 90 00 00 00 cc 05 06 64 06 00 00 00 00 06 09 00 03 0a 94 00 00 02 03 0b 58 03 05 00 13 01 00 00 00 2a 06 64 06 00 00 00 00 06
09 00 b4 00 00 00 00 00 00 00 00 00 00 00 00 00 00 00 00 00 00 00 00 00 00 00 00 00 00 00 00 00 00 00 00 00 00 00 00 00 00 00 00 00 00 00 00 00 00 00 00 00 00 00 00 00 00 00 00 00 00 00 00 00
00 00 00 00 00 00 00 00 00 00 00 00 00 00 00 00 00 00 00 00 00 00 00 00 00 00 00 00 00 00 00 00 00 00 00 00 00 00 00 00 00 00 00 00 00 00 00 00 00 00 00 00 00 00 00 00 00 00 00 00 00 00 00 00
00 00 00 00 00 00 00 00 00 00 00 00 00 00 00 00 00 00 00 00 00 00 00 00 00 00 00 00 00 00 00 00 00 00 00 00 00 00 00 00 00 00 00 00 00 00 00 00 00 00 00 00 00 00 00 00 00 00 00 00 00 00 00 00
00 00 00 00 00 00 00 00 00 00 00 00 00 00 00 00 00 00 00 00 00 00 00 00 00 00 00 00 00 00 00 00 00 00 00 00 00 00 00 00 00 00 00 00 00 00 00 00 00 00 00 00 00 00 00 00 00 00 00 00 00 00 00 00
00 00 00 00 00 00 00 00 00 00 00 00 00 00 00 00 00 00 00 00 00 00 00 00 00 00 00 00 00 00 00 00 00 00 00 00 00 00 00 00 00 00 00 00 00 00 00 00 00 00 00 00 00 00 00 00 00 00 00 00 00 00 00 00
00 00 00 00 00 00 00 00 00 00 00 00 00 00 00 00 00 00 00 00 00 00 00 00 00 00 00 00 00 00 00 00 00 00 00 00 00 00 00 00 00 00 00 00 00 00 00 00 00 00 00 00 00 00 00 00 00 00 00 00 00 00 00 00
00 00 00 00 00 00 00 00 00 00 00 00 00 00 00 00 00 00 00 00 00 00 00 00 00 00 00 00 00 00 00 00 00 00 00 00 00 00 00 00 00 00 00 00 00 00 00 00 00 00 00 00 00 00 00 00 00 00 00 00 00 00 00 00
00 00 00 00 00 00 00 00 00 00 00 00 00 00 00 00 00 00 00 00 00 00 00 00 00 00 00 00 00 00 00 00 00 00 00 00 00 00 00 00 00 00 00 00 00 00 00 00 00 00 00 00 00 00 00 00 00 00 00 00 00 00 00 00
00 00 00 00 00 00 00 00 00 00 00 00 00 00 00 00 00 00 00 00 00 00 00 00 00 00 00 00 00 00 00 00 00 00 00 00 00 00 00 00 00 00 00 00 00 00 00 00 00 00 00 00 00 00 00 00 00 00 00 00 00 00 00 00
00 00 00 00 00 00 00 00 00 00 00 00 00 00 00 00 00 00 00 00 00 00 00 00 00 00 00 00 00 00 00 00 00 00 00 00 00 00 00 00 00 00 00 00 00 00 00 00 00 00 00 00 00 00 00 00 00 00 00 00 00 00 00 00
00 00 00 00 00 00 00 00 00 00 00 00 00 00 00 00 00 00 00 00 00 00 00 00 00 00 00 00 00 00 00 00 00 00 00 00 00 00 00 00 00 00 00 00 00 00 00 00 00 00 00 00 00 00 00 00 00 00 00 00 00 00 00 00
00 00 00 00 00 00 00 00 00 00 00 00 00 00 00 00 00 00 00 00 00 00 00 00 00 00 00 00 00 00 00 00 00 00 00 00 00 00 00 00 00 00 00 00 00 00 00 00 00 00 00 00 00 00 00 00 00 00 00 00 00 00 00 00
00 00 00 00 00 00 00 00 00 00 00 00 00 00 00 00 00 00 00 00 00 00 00 00 00 00 00 00 00 00 00 00 00 00 00 00 00 00 00 00 00 00 00 00 00 00 00 00 00 00 00 00 00 00 00 00 00 00 00 00 00 00 00 00
00 00 00 00 00 00 00 00 00 00 00 00 00 00 00 00 00 00 00 00 00 00 00 00 00 00 00 00 00 00 00 00 00 00 00 00 00 00 00 00 00 00 00 00 00 00 00 00 00 00 00 00 00 00 00 00 00 00 00 00 00 00 00 00
00 00 00 00 00 00 00 00 00 00 00 00 00 00 00 00 00 00 00 00 00 00 00 00 00 00 00 00 00 00 00 00 00 00 00 00 00 00 00 00 00 00 00 00 00 00 00 00 00 00 00 00 00 00 00 00 00 00 00 00 00 00 00 00
00 00 00 00 00 00 00 00 00 00 00 00 00 00 00 00 00 00 00 00 00 00 00 00 00 00 00 00 00 00 00 00 00 00 00 00 00 00 00 00 00 00 00 00 00 00 00 00 00 00 00 00 00 00 00 00 00 00 00 00 00 00 00 00
00 00 00 00 00 00 00 00 00 00 00 00 00 00 00 00 00 00 00 00 00 00 00 00 00 00 00 00 00 00 00 00 00 00 00 00 00 00 00 00 00 00 00 00 00 00 00 00 00 00 00 00 00 00 00 00 00 00 00 00 00 00 00 00
00 00 00 00 00 00 00 00 00 00 00 00 00 00 00 00 00 00 00 00 00 00 00 00 00 00 00 00 00 00 00 00 00 00 00 00 00 00 00 00 00 00 00 00 00 00 00 00 00 00 00 00 00 00 00 00 00 00 00 00 00 00 00 00
00 00 00 00 00 00 00 00 00 00 00 00 00 00 00 00 00 00 00 00 00 00 00 00 00 00 00 00 00 00 00 00 00 00 00 00 00 00 00 00 00 00 00 00 00 00 00 00 00 00 00 00 00 00 00 00 00 00 00 00 00 00 00 00
00 00 00 00 00 00 00 00 00 00 00 00 00 00 00 00 00 00 00 00 00 00 00 00 00 00 00 00 00 00 00 00 00 00 00 00 00 00 00 00 00 00 00 00 00 00 00 00 00 00 00 00 00 00 00 00 00 00 00 00 00 00 00 00
00 00 00 00 00 00 00 00 00 00 00 00 00 00 00 00 00 00 00 00 00 00 00 00 00 00 00 00 00 00 00 00 00 00 00 00 00 00 00 00 00 00 00 00 00 00 00 00 00 00 00 00 00 00 00 00 00 00 00 00 00 00 00 00
00 00 00 00 00 00 00 00 00 00 00 00 00 00 00 00 00 00 00 00 00 00 00 00 00 00 00 00 00 00 00 00 00 00 00 00 00 00 00 00 00 00 00 00 00 00 00 00 00 00 00 00 00 00 00 00 00 00 00 00 00 00 00 00
00 00 00 00 00 00 00 00 00 00 00 00 00 00 00 00 00 00 00 00 00 00 00 00 00 00 00 00 00 00 00 00 00 00 00 00 00 00 00 00 00 00 00 00 00 00 00 00 00 00 00 00 00 00 00 00 00 00 00 00 00 00 00 00
00 00 00 00 00 00 00 00 00 00 00 00 00 00 00 00 00 00 00 00 00 00 00 00 00 00 00 00 00 00 00 00 00 00 00 00 00 00 00 00 00 00 00 00 00 00 00 00 00 00 00 00 00 00 00 00 00 00 00 00 00 00 00 00
00 00 00 00 00 00 00 00 00 00 00 00 00 00 00 00 00 00 00 00 00 00 00 00 00 00 00 00 00 00 00 00 00 00 00 00 00 00 00 00 00 00 00 00 00 00 00 00 00 00 00 00 00 00 00 00 00 00 00 00 00 00 00 00
00 00 00 00 00 00 00 00 00 00 00 00 00 00 00 00 00 00 00 00 00 00 00 00 00 00 00 00 00 00 00 00 00 00 00 00 00 00 00 00 00 00 00 00 00 00 00 00 00 00 00 00 00 00 00 00 00 00 00 00 00 00 00 00
00 00 00 00 00 00 00 00 00 00 00 00 00 00 00 00 00 00 00 00 00 00 00 00 00 00 00 00 00 00 00 00 00 00 00 00 00 00 00 00 00 00 00 00 00 00 00 00 00 00 00 00 00 00 00 00 00 00 00 00 00 00 00 00
00 00 00 00 00 00 00 00 00 00 00 00 00 00 00 00 00 00 00 00 00 00 00 00 00 00 00 00 00 00 00 00 00 00 00 00 00 00 00 00 00 00 00 00 00 00 00 00 00 00 00 00 00 00 00 00 00 00 00 00 00 00 00 00
00 00 00 00 00 00 00 00 00 00 00 00 00 00 00 00 00 00 00 00 00 00 00 00 00 00 00 00 00 00 00 00 00 00 00 00 00 00 00 00 00 00 00 00 00 00 00 00 00 00 00 00 00 00 00 00 00 1c 80 e9 a4 7f 00 00

06 64 06 00 00 00 00 06 09 01 2d 02 90 ff ff ff fb 05 02 90 00 00 04 00 04 02 90 ff ff ff fb 03 01 00 00 00 2a 0b 64 04 ff e6 03 04 54 03 05 03 0b 64 04 ff db 03 04 54 03 05 03 0b 64 04 ff d0
03 04 54 03 05 03 0b 64 04 ff c5 03 04 54 03 05 03 0b 64 04 ff ba 03 04 54 03 05 03 08 64 03 ff ff fe 52 0f 09 ff b5 06 64 06 00 00 00 00 06 09 ff b1 01 00 00 00 2a 0c ff 94 09 ff f8 01 00 00
00 2a 0b 64 01 01 03 09 0b 64 01 01 07 09 0b 64 01 01 0b 09 0b 64 01 01 0f 09 0b 64 01 01 13 09 0b 64 01 01 17 09 0b 64 01 01 1b 09 0b 64 01 01 1f 09 0b 64 01 01 23 09 0b 64 01 01 27 09 0b 64
01 01 2b 09 0b 64 01 01 2f 09 0b 64 01 01 33 09 0b 64 01 01 37 09 0b 64 01 01 3b 09 0b 64 01 01 3f 09 0b 64 01 01 43 09 0b 64 01 01 47 09 0b 64 01 01 4b 09 0b 64 01 01 4f 09 0b 64 01 01 53 09
0b 64 01 01 57 09 0b 64 01 01 5b 09 0b 64 01 01 5f 09 0b 64 01 01 63 09 08 64 09 00 00 00 06 0a 09 00 4d 02 90 00 00 00 06 09 06 64 06 00 00 00 00 06 09 ff 4b 0c 01 c2 01 00 00 00 2a 0b 68 01
fe e3 00 01 0c ff 2e 01 00 00 00 2a 0b 68 01 01 56 00 01 0c 01 2f 01 00 00 00 2a 02 90 00 00 00 01 09 06 64 06 00 00 00 00 06 09 ff 13 01 00 00 00 2a 0c 00 13 01 00 00 00 2a 0c ff f3 01 00 00
00 2a 09 ff eb 01 00 00 00 2a 01 00 00 00 2a 01 00 00 00 2a 01 00 00 00 2a 01 00 00 00 2a 01 00 00 00 2a 01 00 00 00 2a 01 00 00 00 2a 01 00 00 00 2a 01 00 00 00 2a 01 00 00 00 2a 01 00 00 00
2a 01 00 00 00 2a 01 00 00 00 2a 01 00 00 00 2a 01 00 00 00 2a 01 00 00 00 2a 01 00 00 00 2a 01 00 00 00 2a 01 00 00 00 2a 01 00 00 00 2a 01 00 00 00 2a 01 00 00 00 2a 01 00 00 00 2a 01 00 00
00 2a 01 00 00 00 2a 01 00 00 00 2a 01 00 00 00 2a 01 00 00 00 2a 01 00 00 00 2a 01 00 00 00 2a 01 00 00 00 2a 01 00 00 00 2a 01 00 00 00 2a 01 00 00 00 2a 01 00 00 00 2a 01 00 00 00 2a 01 00
00 00 2a 01 00 00 00 2a 01 00 00 00 2a 01 00 00 00 2a 01 00 00 00 2a 01 00 00 00 2a 01 00 00 00 2a 01 00 00 00 2a 01 00 00 00 2a 01 00 00 00 2a 01 00 00 00 2a 01 00 00 00 2a 01 00 00 00 2a 09
ff 0b 01 00 00 00 2a 0c 00 06 09 ff f8 02 90 ff ff ff fb 05 02 90 00 00 00 0c 04 02 90 00 00 00 0a 03 01 00 00 00 01 0b 64 04

02 00 00 00 06 64 06 00 00 00 00 06 09 01 2d 02 90 ff ff ff fb 05 02 90 00 00 04 00 04 02 90 ff ff ff fb 03 01 00 00 00 2a 0b 64 04 ff e6 03 04 54 03 05 03 0b 64 04 ff db 03 04 54 03 05 03 0b
64 04 ff d0 03 04 54 03 05 03 0b 64 04 ff c5 03 04 54 03 05 03 0b 64 04 ff ba 03 04 54 03 05 03 08 64 03 ff ff fe 52 0f 09 ff b5 06 64 06 00 00 00 00 06 09 ff b1 01 00 00 00 2a 0c ff 94 09 ff
f8 01 00 00 00 2a 0b 64 01 01 03 09 0b 64 01 01 07 09 0b 64 01 01 0b 09 0b 64 01 01 0f 09 0b 64 01 01 13 09 0b 64 01 01 17 09 0b 64 01 01 1b 09 0b 64 01 01 1f 09 0b 64 01 01 23 09 0b 64 01 01
27 09 0b 64 01 01 2b 09 0b 64 01 01 2f 09 0b 64 01 01 33 09 0b 64 01 01 37 09 0b 64 01 01 3b 09 0b 64 01 01 3f 09 0b 64 01 01 43 09 0b 64 01 01 47 09 0b 64 01 01 4b 09 0b 64 01 01 4f 09 0b 64
01 01 53 09 0b 64 01 01 57 09 0b 64 01 01 5b 09 0b 64 01 01 5f 09 0b 64 01 01 63 09 08 64 09 00 00 00 06 0a 09 00 4d 02 90 00 00 00 06 09 06 64 06 00 00 00 00 06 09 ff 4b 0c 01 c2 01 00 00 00
2a 0b 68 01 fe e3 00 01 0c ff 2e 01 00 00 00 2a 0b 68 01 01 56 00 01 0c 01 2f 01 00 00 00 2a 02 90 00 00 00 01 09 06 64 06 00 00 00 00 06 09 ff 13 01 00 00 00 2a 0c 00 13 01 00 00 00 2a 0c ff
f3 01 00 00 00 2a 09 ff eb 01 00 00 00 2a 01 00 00 00 2a 01 00 00 00 2a 01 00 00 00 2a 01 00 00 00 2a 01 00 00 00 2a 01 00 00 00 2a 01 00 00 00 2a 01 00 00 00 2a 01 00 00 00 2a 01 00 00 00 2a
01 00 00 00 2a 01 00 00 00 2a 01 00 00 00 2a 01 00 00 00 2a 01 00 00 00 2a 01 00 00 00 2a 01 00 00 00 2a 01 00 00 00 2a 01 00 00 00 2a 01 00 00 00 2a 01 00 00 00 2a 01 00 00 00 2a 01 00 00 00
2a 01 00 00 00 2a 01 00 00 00 2a 01 00 00 00 2a 01 00 00 00 2a 01 00 00 00 2a 01 00 00 00 2a 01 00 00 00 2a 01 00 00 00 2a 01 00 00 00 2a 01 00 00 00 2a 01 00 00 00 2a 01 00 00 00 2a 01 00 00
00 2a 01 00 00 00 2a 01 00 00 00 2a 01 00 00 00 2a 01 00 00 00 2a 01 00 00 00 2a 01 00 00 00 2a 01 00 00 00 2a 01 00 00 00 2a 01 00 00 00 2a 01 00 00 00 2a 01 00 00 00 2a 01 00 00 00 2a 01 00
00 00 2a 09 ff 0b 01 00 00 00 2a 0c 00 06 09 ff f8 02 90 ff ff ff fb 05 02 90 00 00 00 0c 04 02 90 00 00 00 0a 03 01 00 00 00 01 0b 64 04 00 4d 03 05 54 03 05 03 0b 64 04 00 42 03 05 54 03 05
03 0b 64 04 00 37 03 05 54 03 05 03 0b 64 04 00 2c 03 05 54 03 05 03 0b 64 04 00 21 03 05 54 03 05 03 08 64 03 00 00 01 b3 0f 09 ff b5 06 64 06 00 00 00 00 06 09 ff b1 09 ff ae 01 00 00 00 2a
0c 00 2c 01 00 00 00 2a 0c 00 4d 01 00 00 00 2a 0c 00 8c 02 90 00 00 00 0c 02 02 90 00 00 00 c0 05 06 64 06 00 00 00 00 06 09 00 be 01 00 00 00 2a 0c 00 4a 01 00 00 00 2a 0c 00 95 02 90 00 00
00 00 02 02 90 00 00 00 b4 05 06 64 06 00 00 00 00 06 09 00 95 01 00 00 00 2a 0c 00 5b 01 00 00 00 2a 02 90 00 00 00 08 02 02 90 00 00 00 bc 05 06 64 06 00 00 00 00 06 09 00 6f 01 00 00 00 2a
0c fe 09 02 90 00 00 00 04 02 02 90 00 00 00 b8 05 06 64 06 00 00 00 00 06 09 00 4e 02 90 00 00 00 10 02 02 90 00 00 00 c4 05 06 64 06 00 00 00 00 06 09 00 35 02 90 00 00 00 14 02 02 90 00 00
00 c8 05 06 64 06 00 00 00 00 06 09 00 1c 02 90 00 00 00 18 02 02 90 00 00 00 cc 05 06 64 06 00 00 00 00 06 09 00 03 0a 94 00 00 02 03 0b 58 03 05 00 13 01 00 00 00 2a 06 64 06 00 00 00 00 06
09 00 b4 00 00 00 00 00 00 00 00 00 00 00 00 00 00 00 00 00 00 00 00 00 00 00 00 00 00 00 00 00 00 00 00 00 00 00 00 00 00 00 00 00 00 00 00 00 00 00 00 00 00 00 00 00 00 00 00 00 00 00 00 00
00 00 00 00 00 00 00 00 00 00 00 00 00 00 00 00 00 00 00 00 00 00 00 00 00 00 00 00 00 00 00 00 00 00 00 00 00 00 00 00 00 00 00 00 00 00 00 00 00 00 00 00 00 00 00 00 00 00 00 00 00 00 00 00
00 00 00 00 00 00 00 00 00 00 00 00 00 00 00 00 00 00 00 00 00 00 00 00 00 00 00 00 00 00 00 00 00 00 00 00 00 00 00 00 00 00 00 00 00 00 00 00 00 00 00 00 00 00 00 00 00 00 00 00 00 00 00 00
00 00 00 00 00 00 00 00 00 00 00 00 00 00 00 00 00 00 00 00 00 00 00 00 00 00 00 00 00 00 00 00 00 00 00 00 00 00 00 00 00 00 00 00 00 00 00 00 00 00 00 00 00 00 00 00 00 00 00 00 00 00 00 00
00 00 00 00 00 00 00 00 00 00 00 00 00 00 00 00 00 00 00 00 00 00 00 00 00 00 00 00 00 00 00 00 00 00 00 00 00 00 00 00 00 00 00 00 00 00 00 00 00 00 00 00 00 00 00 00 00 00 00 00 00 00 00 00
00 00 00 00 00 00 00 00 00 00 00 00 00 00 00 00 00 00 00 00 00 00 00 00 00 00 00 00 00 00 00 00 00 00 00 00 00 00 00 00 00 00 00 00 00 00 00 00 00 00 00 00 00 00 00 00 00 00 00 00 00 00 00 00
00 00 00 00 00 00 00 00 00 00 00 00 00 00 00 00 00 00 00 00 00 00 00 00 00 00 00 00 00 00 00 00 00 00 00 00 00 00 00 00 00 00 00 00 00 00 00 00 00 00 00 00 00 00 00 00 00 00 00 00 00 00 00 00
00 00 00 00 00 00 00 00 00 00 00 00 00 00 00 00 00 00 00 00 00 00 00 00 00 00 00 00 00 00 00 00 00 00 00 00 00 00 00 00 00 00 00 00 00 00 00 00 00 00 00 00 00 00 00 00 00 00 00 00 00 00 00 00
00 00 00 00 00 00 00 00 00 00 00 00 00 00 00 00 00 00 00 00 00 00 00 00 00 00 00 00 00 00 00 00 00 00 00 00 00 00 00 00 00 00 00 00 00 00 00 00 00 00 00 00 00 00 00 00 00 00 00 00 00 00 00 00
00 00 00 00 00 00 00 00 00 00 00 00 00 00 00 00 00 00 00 00 00 00 00 00 00 00 00 00 00 00 00 00 00 00 00 00 00 00 00 00 00 00 00 00 00 00 00 00 00 00 00 00 00 00 00 00 00 00 00 00 00 00 00 00
00 00 00 00 00 00 00 00 00 00 00 00 00 00 00 00 00 00 00 00 00 00 00 00 00 00 00 00 00 00 00 00 00 00 00 00 00 00 00 00 00 00 00 00 00 00 00 00 00 00 00 00 00 00 00 00 00 00 00 00 00 00 00 00
00 00 00 00 00 00 00 00 00 00 00 00 00 00 00 00 00 00 00 00 00 00 00 00 00 00 00 00 00 00 00 00 00 00 00 00 00 00 00 00 00 00 00 00 00 00 00 00 00 00 00 00 00 00 00 00 00 00 00 00 00 00 00 00
00 00 00 00 00 00 00 00 00 00 00 00 00 00 00 00 00 00 00 00 00 00 00 00 00 00 00 00 00 00 00 00 00 00 00 00 00 00 00 00 00 00 00 00 00 00 00 00 00 00 00 00 00 00 00 00 00 00 00 00 00 00 00 00
00 00 00 00 00 00 00 00 00 00 00 00 00 00 00 00 00 00 00 00 00 00 00 00 00 00 00 00 00 00 00 00 00 00 00 00 00 00 00 00 00 00 00 00 00 00 00 00 00 00 00 00 00 00 00 00 00 00 00 00 00 00 00 00
00 00 00 00 00 00 00 00 00 00 00 00 00 00 00 00 00 00 00 00 00 00 00 00 00 00 00 00 00 00 00 00 00 00 00 00 00 00 00 00 00 00 00 00 00 00 00 00 00 00 00 00 00 00 00 00 00 00 00 00 00 00 00 00
00 00 00 00 00 00 00 00 00 00 00 00 00 00 00 00 00 00 00 00 00 00 00 00 00 00 00 00 00 00 00 00 00 00 00 00 00 00 00 00 00 00 00 00 00 00 00 00 00 00 00 00 00 00 00 00 00 00 00 00 00 00 00 00
00 00 00 00 00 00 00 00 00 00 00 00 00 00 00 00 00 00 00 00 00 00 00 00 00 00 00 00 00 00 00 00 00 00 00 00 00 00 00 00 00 00 00 00 00 00 00 00 00 00 00 00 00 00 00 00 00 00 00 00 00 00 00 00
00 00 00 00 00 00 00 00 00 00 00 00 00 00 00 00 00 00 00 00 00 00 00 00 00 00 00 00 00 00 00 00 00 00 00 00 00 00 00 00 00 00 00 00 00 00 00 00 00 00 00 00 00 00 00 00 00 00 00 00 00 00 00 00
00 00 00 00 00 00 00 00 00 00 00 00 00 00 00 00 00 00 00 00 00 00 00 00 00 00 00 00 00 00 00 00 00 00 00 00 00 00 00 00 00 00 00 00 00 00 00 00 00 00 00 00 00 00 00 00 00 00 00 00 00 00 00 00
00 00 00 00 00 00 00 00 00 00 00 00 00 00 00 00 00 00 00 00 00 00 00 00 00 00 00 00 00 00 00 00 00 00 00 00 00 00 00 00 00 00 00 00 00 00 00 00 00 00 00 00 00 00 00 00 00 00 00 00 00 00 00 00
00 00 00 00 00 00 00 00 00 00 00 00 00 00 00 00 00 00 00 00 00 00 00 00 00 00 00 00 00 00 00 00 00 00 00 00 00 00 00 00 00 00 00 00 00 00 00 00 00 00 00 00 00 00 00 00 00 00 00 00 00 00 00 00
00 00 00 00 00 00 00 00 00 00 00 00 00 00 00 00 00 00 00 00 00 00 00 00 00 00 00 00 00 00 00 00 00 00 00 00 00 00 00 00 00 00 00 00 00 00 00 00 00 00 00 00 00 00 00 00 00 00 00 00 00 00 00 00
00 00 00 00 00 00 00 00 00 00 00 00 00 00 00 00 00 00 00 00 00 00 00 00 00 00 00 00 00 00 00 00 00 00 00 00 00 00 00 00 00 00 00 00 00 00 00 00 00 00 00 00 00 00 00 00 00 00 00 00 00 00 00 00
00 00 00 00 00 00 00 00 00 00 00 00 00 00 00 00 00 00 00 00 00 00 00 00 00 00 00 00 00 00 00 00 00 00 00 00 00 00 00 00 00 00 00 00 00 00 00 00 00 00 00 00 00 00 00 00 00 00 00 00 00 00 00 00
00 00 00 00 00 00 00 00 00 00 00 00 00 00 00 00 00 00 00 00 00 00 00 00 00 00 00 00 00 00 00 00 00 00 00 00 00 00 00 00 00 00 00 00 00 00 00 00 00 00 00 00 00 00 00 00 00 00 00 00 00 00 00 00
00 00 00 00 00 00 00 00 00 00 00 00 00 00 00 00 00 00 00 00 00 00 00 00 00 00 00 00 00 00 00 00 00 00 00 00 00 00 00 00 00 00 00 00 00 00 00 00 00 00 00 00 00 00 00 00 00 00 00 00 00 00 00 00
00 00 00 00 00 00 00 00 00 00 00 00 00 00 00 00 00 00 00 00 00 00 00 00 00 00 00 00 00 00 00 00 00 00 00 00 00 00 00 00 00 00 00 00 00 00 00 00 00 00 00 00 00 00 00 00 00 00 00 00 00 00 00 00
00 00 00 00 00 00 00 00 00 00 00 00 00 00 00 00 00 00 00 00 00 00 00 00 00 00 00 00 00 00 00 00 00 00 00 00 00 00 00 00 00 00 00 00 00 00 00 00 00 00 00 00 00 00 00 00 00 00 00 00 00 00 00 00
00 00 00 00 00 00 00 00 00 00 00 00 00 00 00 00 00 00 00 00 00 00 00 00 00 00 00 00 00 00 00 00 00 00 00 00 00 00 00 00 00 00 00 00 00 00 00 00 00 00 00 00 00 00 00 00 00 00 00 00 00 00 00 00

new champ

new champ
